{
 "cells": [
  {
   "cell_type": "code",
   "execution_count": 1,
   "metadata": {},
   "outputs": [],
   "source": [
    "import numpy as np\n",
    "import pandas as pd\n",
    "from pandas_datareader import data as wb\n",
    "import matplotlib.pyplot as plt"
   ]
  },
  {
   "cell_type": "code",
   "execution_count": 2,
   "metadata": {},
   "outputs": [],
   "source": [
    "portfolio = pd.read_csv('SIAPortfolio.CSV')"
   ]
  },
  {
   "cell_type": "code",
   "execution_count": 3,
   "metadata": {},
   "outputs": [
    {
     "data": {
      "text/html": [
       "<div>\n",
       "<style scoped>\n",
       "    .dataframe tbody tr th:only-of-type {\n",
       "        vertical-align: middle;\n",
       "    }\n",
       "\n",
       "    .dataframe tbody tr th {\n",
       "        vertical-align: top;\n",
       "    }\n",
       "\n",
       "    .dataframe thead th {\n",
       "        text-align: right;\n",
       "    }\n",
       "</style>\n",
       "<table border=\"1\" class=\"dataframe\">\n",
       "  <thead>\n",
       "    <tr style=\"text-align: right;\">\n",
       "      <th></th>\n",
       "      <th>SYMBOL</th>\n",
       "      <th>NAME</th>\n",
       "      <th># of shares</th>\n",
       "      <th>DESCRIPTION</th>\n",
       "      <th></th>\n",
       "    </tr>\n",
       "  </thead>\n",
       "  <tbody>\n",
       "    <tr>\n",
       "      <th>0</th>\n",
       "      <td>VLO</td>\n",
       "      <td>VALERO ENERGY</td>\n",
       "      <td>72</td>\n",
       "      <td>Fortune 500 international manufacturer and mar...</td>\n",
       "      <td>NaN</td>\n",
       "    </tr>\n",
       "    <tr>\n",
       "      <th>1</th>\n",
       "      <td>UVE</td>\n",
       "      <td>UNIVERSAL INSURANCE</td>\n",
       "      <td>169</td>\n",
       "      <td>NaN</td>\n",
       "      <td>NaN</td>\n",
       "    </tr>\n",
       "    <tr>\n",
       "      <th>2</th>\n",
       "      <td>SWKS</td>\n",
       "      <td>SKYWORKS SOLUTION</td>\n",
       "      <td>59</td>\n",
       "      <td>Skyworks manufactures semiconductors for use i...</td>\n",
       "      <td>NaN</td>\n",
       "    </tr>\n",
       "    <tr>\n",
       "      <th>3</th>\n",
       "      <td>NKE</td>\n",
       "      <td>NIKE</td>\n",
       "      <td>60</td>\n",
       "      <td>NaN</td>\n",
       "      <td>NaN</td>\n",
       "    </tr>\n",
       "    <tr>\n",
       "      <th>4</th>\n",
       "      <td>DRE</td>\n",
       "      <td>DUKE REALTY</td>\n",
       "      <td>29</td>\n",
       "      <td>pure-play, domestic-only, industrial property ...</td>\n",
       "      <td>NaN</td>\n",
       "    </tr>\n",
       "  </tbody>\n",
       "</table>\n",
       "</div>"
      ],
      "text/plain": [
       "  SYMBOL                 NAME  # of shares  \\\n",
       "0    VLO        VALERO ENERGY           72   \n",
       "1    UVE  UNIVERSAL INSURANCE          169   \n",
       "2   SWKS    SKYWORKS SOLUTION           59   \n",
       "3    NKE                 NIKE           60   \n",
       "4    DRE          DUKE REALTY           29   \n",
       "\n",
       "                                         DESCRIPTION      \n",
       "0  Fortune 500 international manufacturer and mar... NaN  \n",
       "1                                                NaN NaN  \n",
       "2  Skyworks manufactures semiconductors for use i... NaN  \n",
       "3                                                NaN NaN  \n",
       "4  pure-play, domestic-only, industrial property ... NaN  "
      ]
     },
     "execution_count": 3,
     "metadata": {},
     "output_type": "execute_result"
    }
   ],
   "source": [
    "portfolio.head()"
   ]
  },
  {
   "cell_type": "code",
   "execution_count": 4,
   "metadata": {},
   "outputs": [
    {
     "data": {
      "text/plain": [
       "0      VLO\n",
       "1      UVE\n",
       "2     SWKS\n",
       "3      NKE\n",
       "4      DRE\n",
       "5     LRCX\n",
       "6      XOM\n",
       "7      PGR\n",
       "8      BBY\n",
       "9       MU\n",
       "10    TROW\n",
       "11     LOW\n",
       "12    SBUX\n",
       "13      CE\n",
       "14     MCK\n",
       "15      PK\n",
       "Name: SYMBOL, dtype: object"
      ]
     },
     "execution_count": 4,
     "metadata": {},
     "output_type": "execute_result"
    }
   ],
   "source": [
    "portfolio['SYMBOL']"
   ]
  },
  {
   "cell_type": "code",
   "execution_count": 5,
   "metadata": {},
   "outputs": [
    {
     "data": {
      "text/plain": [
       "pandas.core.series.Series"
      ]
     },
     "execution_count": 5,
     "metadata": {},
     "output_type": "execute_result"
    }
   ],
   "source": [
    "type(portfolio['SYMBOL'])"
   ]
  },
  {
   "cell_type": "code",
   "execution_count": 6,
   "metadata": {},
   "outputs": [],
   "source": [
    "tickers = portfolio['SYMBOL'].tolist()"
   ]
  },
  {
   "cell_type": "code",
   "execution_count": 7,
   "metadata": {},
   "outputs": [
    {
     "data": {
      "text/plain": [
       "['VLO',\n",
       " 'UVE',\n",
       " 'SWKS',\n",
       " 'NKE',\n",
       " 'DRE',\n",
       " 'LRCX',\n",
       " 'XOM',\n",
       " 'PGR',\n",
       " 'BBY',\n",
       " 'MU',\n",
       " 'TROW',\n",
       " 'LOW',\n",
       " 'SBUX',\n",
       " 'CE',\n",
       " 'MCK',\n",
       " 'PK']"
      ]
     },
     "execution_count": 7,
     "metadata": {},
     "output_type": "execute_result"
    }
   ],
   "source": [
    "tickers"
   ]
  },
  {
   "cell_type": "code",
   "execution_count": 8,
   "metadata": {},
   "outputs": [],
   "source": [
    "sec_data = pd.DataFrame()\n",
    "\n",
    "for t in tickers:\n",
    "    sec_data[t] = wb.DataReader(t, data_source='iex', start='2015-1-1')['close']"
   ]
  },
  {
   "cell_type": "code",
   "execution_count": 9,
   "metadata": {},
   "outputs": [
    {
     "data": {
      "text/html": [
       "<div>\n",
       "<style scoped>\n",
       "    .dataframe tbody tr th:only-of-type {\n",
       "        vertical-align: middle;\n",
       "    }\n",
       "\n",
       "    .dataframe tbody tr th {\n",
       "        vertical-align: top;\n",
       "    }\n",
       "\n",
       "    .dataframe thead th {\n",
       "        text-align: right;\n",
       "    }\n",
       "</style>\n",
       "<table border=\"1\" class=\"dataframe\">\n",
       "  <thead>\n",
       "    <tr style=\"text-align: right;\">\n",
       "      <th></th>\n",
       "      <th>VLO</th>\n",
       "      <th>UVE</th>\n",
       "      <th>SWKS</th>\n",
       "      <th>NKE</th>\n",
       "      <th>DRE</th>\n",
       "      <th>LRCX</th>\n",
       "      <th>XOM</th>\n",
       "      <th>PGR</th>\n",
       "      <th>BBY</th>\n",
       "      <th>MU</th>\n",
       "      <th>TROW</th>\n",
       "      <th>LOW</th>\n",
       "      <th>SBUX</th>\n",
       "      <th>CE</th>\n",
       "      <th>MCK</th>\n",
       "      <th>PK</th>\n",
       "    </tr>\n",
       "    <tr>\n",
       "      <th>date</th>\n",
       "      <th></th>\n",
       "      <th></th>\n",
       "      <th></th>\n",
       "      <th></th>\n",
       "      <th></th>\n",
       "      <th></th>\n",
       "      <th></th>\n",
       "      <th></th>\n",
       "      <th></th>\n",
       "      <th></th>\n",
       "      <th></th>\n",
       "      <th></th>\n",
       "      <th></th>\n",
       "      <th></th>\n",
       "      <th></th>\n",
       "      <th></th>\n",
       "    </tr>\n",
       "  </thead>\n",
       "  <tbody>\n",
       "    <tr>\n",
       "      <th>2015-01-02</th>\n",
       "      <td>44.5741</td>\n",
       "      <td>17.9234</td>\n",
       "      <td>69.9062</td>\n",
       "      <td>45.5249</td>\n",
       "      <td>17.3499</td>\n",
       "      <td>75.1163</td>\n",
       "      <td>79.4597</td>\n",
       "      <td>24.5896</td>\n",
       "      <td>34.1973</td>\n",
       "      <td>34.750</td>\n",
       "      <td>75.4326</td>\n",
       "      <td>63.1460</td>\n",
       "      <td>38.0061</td>\n",
       "      <td>55.5534</td>\n",
       "      <td>201.5766</td>\n",
       "      <td>NaN</td>\n",
       "    </tr>\n",
       "    <tr>\n",
       "      <th>2015-01-05</th>\n",
       "      <td>42.7411</td>\n",
       "      <td>18.0408</td>\n",
       "      <td>68.7716</td>\n",
       "      <td>44.7920</td>\n",
       "      <td>17.3330</td>\n",
       "      <td>74.1992</td>\n",
       "      <td>77.2855</td>\n",
       "      <td>24.3168</td>\n",
       "      <td>33.3157</td>\n",
       "      <td>33.775</td>\n",
       "      <td>73.6998</td>\n",
       "      <td>61.6350</td>\n",
       "      <td>37.2781</td>\n",
       "      <td>53.6642</td>\n",
       "      <td>203.2304</td>\n",
       "      <td>NaN</td>\n",
       "    </tr>\n",
       "    <tr>\n",
       "      <th>2015-01-06</th>\n",
       "      <td>42.2187</td>\n",
       "      <td>17.4536</td>\n",
       "      <td>66.5787</td>\n",
       "      <td>44.5285</td>\n",
       "      <td>17.5621</td>\n",
       "      <td>72.9606</td>\n",
       "      <td>76.8747</td>\n",
       "      <td>24.0167</td>\n",
       "      <td>33.0160</td>\n",
       "      <td>32.870</td>\n",
       "      <td>72.3981</td>\n",
       "      <td>61.7749</td>\n",
       "      <td>36.9748</td>\n",
       "      <td>52.8493</td>\n",
       "      <td>202.7635</td>\n",
       "      <td>NaN</td>\n",
       "    </tr>\n",
       "    <tr>\n",
       "      <th>2015-01-07</th>\n",
       "      <td>41.8911</td>\n",
       "      <td>18.0047</td>\n",
       "      <td>67.6752</td>\n",
       "      <td>45.4483</td>\n",
       "      <td>17.9187</td>\n",
       "      <td>73.3388</td>\n",
       "      <td>77.6536</td>\n",
       "      <td>24.5169</td>\n",
       "      <td>33.9681</td>\n",
       "      <td>32.100</td>\n",
       "      <td>73.4623</td>\n",
       "      <td>63.6124</td>\n",
       "      <td>37.8848</td>\n",
       "      <td>53.4975</td>\n",
       "      <td>208.9217</td>\n",
       "      <td>NaN</td>\n",
       "    </tr>\n",
       "    <tr>\n",
       "      <th>2015-01-08</th>\n",
       "      <td>44.2907</td>\n",
       "      <td>18.6732</td>\n",
       "      <td>70.7452</td>\n",
       "      <td>46.4974</td>\n",
       "      <td>18.2157</td>\n",
       "      <td>75.2392</td>\n",
       "      <td>78.9461</td>\n",
       "      <td>25.0080</td>\n",
       "      <td>34.4795</td>\n",
       "      <td>33.670</td>\n",
       "      <td>74.3331</td>\n",
       "      <td>64.9555</td>\n",
       "      <td>38.4961</td>\n",
       "      <td>54.5625</td>\n",
       "      <td>211.3052</td>\n",
       "      <td>NaN</td>\n",
       "    </tr>\n",
       "  </tbody>\n",
       "</table>\n",
       "</div>"
      ],
      "text/plain": [
       "                VLO      UVE     SWKS      NKE      DRE     LRCX      XOM  \\\n",
       "date                                                                        \n",
       "2015-01-02  44.5741  17.9234  69.9062  45.5249  17.3499  75.1163  79.4597   \n",
       "2015-01-05  42.7411  18.0408  68.7716  44.7920  17.3330  74.1992  77.2855   \n",
       "2015-01-06  42.2187  17.4536  66.5787  44.5285  17.5621  72.9606  76.8747   \n",
       "2015-01-07  41.8911  18.0047  67.6752  45.4483  17.9187  73.3388  77.6536   \n",
       "2015-01-08  44.2907  18.6732  70.7452  46.4974  18.2157  75.2392  78.9461   \n",
       "\n",
       "                PGR      BBY      MU     TROW      LOW     SBUX       CE  \\\n",
       "date                                                                       \n",
       "2015-01-02  24.5896  34.1973  34.750  75.4326  63.1460  38.0061  55.5534   \n",
       "2015-01-05  24.3168  33.3157  33.775  73.6998  61.6350  37.2781  53.6642   \n",
       "2015-01-06  24.0167  33.0160  32.870  72.3981  61.7749  36.9748  52.8493   \n",
       "2015-01-07  24.5169  33.9681  32.100  73.4623  63.6124  37.8848  53.4975   \n",
       "2015-01-08  25.0080  34.4795  33.670  74.3331  64.9555  38.4961  54.5625   \n",
       "\n",
       "                 MCK  PK  \n",
       "date                      \n",
       "2015-01-02  201.5766 NaN  \n",
       "2015-01-05  203.2304 NaN  \n",
       "2015-01-06  202.7635 NaN  \n",
       "2015-01-07  208.9217 NaN  \n",
       "2015-01-08  211.3052 NaN  "
      ]
     },
     "execution_count": 9,
     "metadata": {},
     "output_type": "execute_result"
    }
   ],
   "source": [
    "sec_data.head()"
   ]
  },
  {
   "cell_type": "code",
   "execution_count": 10,
   "metadata": {},
   "outputs": [],
   "source": [
    "sec_returns = np.log(sec_data / sec_data.shift(1))"
   ]
  },
  {
   "cell_type": "code",
   "execution_count": 11,
   "metadata": {},
   "outputs": [
    {
     "data": {
      "text/html": [
       "<div>\n",
       "<style scoped>\n",
       "    .dataframe tbody tr th:only-of-type {\n",
       "        vertical-align: middle;\n",
       "    }\n",
       "\n",
       "    .dataframe tbody tr th {\n",
       "        vertical-align: top;\n",
       "    }\n",
       "\n",
       "    .dataframe thead th {\n",
       "        text-align: right;\n",
       "    }\n",
       "</style>\n",
       "<table border=\"1\" class=\"dataframe\">\n",
       "  <thead>\n",
       "    <tr style=\"text-align: right;\">\n",
       "      <th></th>\n",
       "      <th>VLO</th>\n",
       "      <th>UVE</th>\n",
       "      <th>SWKS</th>\n",
       "      <th>NKE</th>\n",
       "      <th>DRE</th>\n",
       "      <th>LRCX</th>\n",
       "      <th>XOM</th>\n",
       "      <th>PGR</th>\n",
       "      <th>BBY</th>\n",
       "      <th>MU</th>\n",
       "      <th>TROW</th>\n",
       "      <th>LOW</th>\n",
       "      <th>SBUX</th>\n",
       "      <th>CE</th>\n",
       "      <th>MCK</th>\n",
       "      <th>PK</th>\n",
       "    </tr>\n",
       "    <tr>\n",
       "      <th>date</th>\n",
       "      <th></th>\n",
       "      <th></th>\n",
       "      <th></th>\n",
       "      <th></th>\n",
       "      <th></th>\n",
       "      <th></th>\n",
       "      <th></th>\n",
       "      <th></th>\n",
       "      <th></th>\n",
       "      <th></th>\n",
       "      <th></th>\n",
       "      <th></th>\n",
       "      <th></th>\n",
       "      <th></th>\n",
       "      <th></th>\n",
       "      <th></th>\n",
       "    </tr>\n",
       "  </thead>\n",
       "  <tbody>\n",
       "    <tr>\n",
       "      <th>2015-01-02</th>\n",
       "      <td>NaN</td>\n",
       "      <td>NaN</td>\n",
       "      <td>NaN</td>\n",
       "      <td>NaN</td>\n",
       "      <td>NaN</td>\n",
       "      <td>NaN</td>\n",
       "      <td>NaN</td>\n",
       "      <td>NaN</td>\n",
       "      <td>NaN</td>\n",
       "      <td>NaN</td>\n",
       "      <td>NaN</td>\n",
       "      <td>NaN</td>\n",
       "      <td>NaN</td>\n",
       "      <td>NaN</td>\n",
       "      <td>NaN</td>\n",
       "      <td>NaN</td>\n",
       "    </tr>\n",
       "    <tr>\n",
       "      <th>2015-01-05</th>\n",
       "      <td>-0.041992</td>\n",
       "      <td>0.006529</td>\n",
       "      <td>-0.016363</td>\n",
       "      <td>-0.016230</td>\n",
       "      <td>-0.000975</td>\n",
       "      <td>-0.012284</td>\n",
       "      <td>-0.027744</td>\n",
       "      <td>-0.011156</td>\n",
       "      <td>-0.026118</td>\n",
       "      <td>-0.028459</td>\n",
       "      <td>-0.023239</td>\n",
       "      <td>-0.024220</td>\n",
       "      <td>-0.019341</td>\n",
       "      <td>-0.034599</td>\n",
       "      <td>0.008171</td>\n",
       "      <td>NaN</td>\n",
       "    </tr>\n",
       "    <tr>\n",
       "      <th>2015-01-06</th>\n",
       "      <td>-0.012298</td>\n",
       "      <td>-0.033090</td>\n",
       "      <td>-0.032406</td>\n",
       "      <td>-0.005900</td>\n",
       "      <td>0.013131</td>\n",
       "      <td>-0.016834</td>\n",
       "      <td>-0.005330</td>\n",
       "      <td>-0.012418</td>\n",
       "      <td>-0.009036</td>\n",
       "      <td>-0.027160</td>\n",
       "      <td>-0.017820</td>\n",
       "      <td>0.002267</td>\n",
       "      <td>-0.008169</td>\n",
       "      <td>-0.015302</td>\n",
       "      <td>-0.002300</td>\n",
       "      <td>NaN</td>\n",
       "    </tr>\n",
       "    <tr>\n",
       "      <th>2015-01-07</th>\n",
       "      <td>-0.007790</td>\n",
       "      <td>0.031087</td>\n",
       "      <td>0.016335</td>\n",
       "      <td>0.020446</td>\n",
       "      <td>0.020102</td>\n",
       "      <td>0.005170</td>\n",
       "      <td>0.010081</td>\n",
       "      <td>0.020613</td>\n",
       "      <td>0.028430</td>\n",
       "      <td>-0.023704</td>\n",
       "      <td>0.014592</td>\n",
       "      <td>0.029311</td>\n",
       "      <td>0.024313</td>\n",
       "      <td>0.012190</td>\n",
       "      <td>0.029919</td>\n",
       "      <td>NaN</td>\n",
       "    </tr>\n",
       "    <tr>\n",
       "      <th>2015-01-08</th>\n",
       "      <td>0.055701</td>\n",
       "      <td>0.036457</td>\n",
       "      <td>0.044365</td>\n",
       "      <td>0.022821</td>\n",
       "      <td>0.016439</td>\n",
       "      <td>0.025583</td>\n",
       "      <td>0.016507</td>\n",
       "      <td>0.019833</td>\n",
       "      <td>0.014943</td>\n",
       "      <td>0.047751</td>\n",
       "      <td>0.011784</td>\n",
       "      <td>0.020894</td>\n",
       "      <td>0.016007</td>\n",
       "      <td>0.019712</td>\n",
       "      <td>0.011344</td>\n",
       "      <td>NaN</td>\n",
       "    </tr>\n",
       "  </tbody>\n",
       "</table>\n",
       "</div>"
      ],
      "text/plain": [
       "                 VLO       UVE      SWKS       NKE       DRE      LRCX  \\\n",
       "date                                                                     \n",
       "2015-01-02       NaN       NaN       NaN       NaN       NaN       NaN   \n",
       "2015-01-05 -0.041992  0.006529 -0.016363 -0.016230 -0.000975 -0.012284   \n",
       "2015-01-06 -0.012298 -0.033090 -0.032406 -0.005900  0.013131 -0.016834   \n",
       "2015-01-07 -0.007790  0.031087  0.016335  0.020446  0.020102  0.005170   \n",
       "2015-01-08  0.055701  0.036457  0.044365  0.022821  0.016439  0.025583   \n",
       "\n",
       "                 XOM       PGR       BBY        MU      TROW       LOW  \\\n",
       "date                                                                     \n",
       "2015-01-02       NaN       NaN       NaN       NaN       NaN       NaN   \n",
       "2015-01-05 -0.027744 -0.011156 -0.026118 -0.028459 -0.023239 -0.024220   \n",
       "2015-01-06 -0.005330 -0.012418 -0.009036 -0.027160 -0.017820  0.002267   \n",
       "2015-01-07  0.010081  0.020613  0.028430 -0.023704  0.014592  0.029311   \n",
       "2015-01-08  0.016507  0.019833  0.014943  0.047751  0.011784  0.020894   \n",
       "\n",
       "                SBUX        CE       MCK  PK  \n",
       "date                                          \n",
       "2015-01-02       NaN       NaN       NaN NaN  \n",
       "2015-01-05 -0.019341 -0.034599  0.008171 NaN  \n",
       "2015-01-06 -0.008169 -0.015302 -0.002300 NaN  \n",
       "2015-01-07  0.024313  0.012190  0.029919 NaN  \n",
       "2015-01-08  0.016007  0.019712  0.011344 NaN  "
      ]
     },
     "execution_count": 11,
     "metadata": {},
     "output_type": "execute_result"
    }
   ],
   "source": [
    "sec_returns.head()"
   ]
  },
  {
   "cell_type": "code",
   "execution_count": 12,
   "metadata": {},
   "outputs": [
    {
     "data": {
      "text/html": [
       "<div>\n",
       "<style scoped>\n",
       "    .dataframe tbody tr th:only-of-type {\n",
       "        vertical-align: middle;\n",
       "    }\n",
       "\n",
       "    .dataframe tbody tr th {\n",
       "        vertical-align: top;\n",
       "    }\n",
       "\n",
       "    .dataframe thead th {\n",
       "        text-align: right;\n",
       "    }\n",
       "</style>\n",
       "<table border=\"1\" class=\"dataframe\">\n",
       "  <thead>\n",
       "    <tr style=\"text-align: right;\">\n",
       "      <th></th>\n",
       "      <th>VLO</th>\n",
       "      <th>UVE</th>\n",
       "      <th>SWKS</th>\n",
       "      <th>NKE</th>\n",
       "      <th>DRE</th>\n",
       "      <th>LRCX</th>\n",
       "      <th>XOM</th>\n",
       "      <th>PGR</th>\n",
       "      <th>BBY</th>\n",
       "      <th>MU</th>\n",
       "      <th>TROW</th>\n",
       "      <th>LOW</th>\n",
       "      <th>SBUX</th>\n",
       "      <th>CE</th>\n",
       "      <th>MCK</th>\n",
       "      <th>PK</th>\n",
       "    </tr>\n",
       "  </thead>\n",
       "  <tbody>\n",
       "    <tr>\n",
       "      <th>VLO</th>\n",
       "      <td>0.000326</td>\n",
       "      <td>0.000103</td>\n",
       "      <td>0.000134</td>\n",
       "      <td>0.000075</td>\n",
       "      <td>0.000052</td>\n",
       "      <td>0.000104</td>\n",
       "      <td>0.000077</td>\n",
       "      <td>0.000062</td>\n",
       "      <td>0.000077</td>\n",
       "      <td>0.000148</td>\n",
       "      <td>0.000096</td>\n",
       "      <td>0.000087</td>\n",
       "      <td>0.000067</td>\n",
       "      <td>0.000095</td>\n",
       "      <td>0.000076</td>\n",
       "      <td>0.000037</td>\n",
       "    </tr>\n",
       "    <tr>\n",
       "      <th>UVE</th>\n",
       "      <td>0.000103</td>\n",
       "      <td>0.000826</td>\n",
       "      <td>0.000112</td>\n",
       "      <td>0.000075</td>\n",
       "      <td>0.000067</td>\n",
       "      <td>0.000083</td>\n",
       "      <td>0.000051</td>\n",
       "      <td>0.000112</td>\n",
       "      <td>0.000108</td>\n",
       "      <td>0.000102</td>\n",
       "      <td>0.000101</td>\n",
       "      <td>0.000075</td>\n",
       "      <td>0.000090</td>\n",
       "      <td>0.000089</td>\n",
       "      <td>0.000072</td>\n",
       "      <td>0.000052</td>\n",
       "    </tr>\n",
       "    <tr>\n",
       "      <th>SWKS</th>\n",
       "      <td>0.000134</td>\n",
       "      <td>0.000112</td>\n",
       "      <td>0.000478</td>\n",
       "      <td>0.000095</td>\n",
       "      <td>0.000063</td>\n",
       "      <td>0.000252</td>\n",
       "      <td>0.000073</td>\n",
       "      <td>0.000064</td>\n",
       "      <td>0.000125</td>\n",
       "      <td>0.000323</td>\n",
       "      <td>0.000126</td>\n",
       "      <td>0.000096</td>\n",
       "      <td>0.000092</td>\n",
       "      <td>0.000133</td>\n",
       "      <td>0.000083</td>\n",
       "      <td>0.000039</td>\n",
       "    </tr>\n",
       "    <tr>\n",
       "      <th>NKE</th>\n",
       "      <td>0.000075</td>\n",
       "      <td>0.000075</td>\n",
       "      <td>0.000095</td>\n",
       "      <td>0.000213</td>\n",
       "      <td>0.000053</td>\n",
       "      <td>0.000084</td>\n",
       "      <td>0.000042</td>\n",
       "      <td>0.000058</td>\n",
       "      <td>0.000082</td>\n",
       "      <td>0.000070</td>\n",
       "      <td>0.000080</td>\n",
       "      <td>0.000084</td>\n",
       "      <td>0.000078</td>\n",
       "      <td>0.000068</td>\n",
       "      <td>0.000047</td>\n",
       "      <td>0.000050</td>\n",
       "    </tr>\n",
       "    <tr>\n",
       "      <th>DRE</th>\n",
       "      <td>0.000052</td>\n",
       "      <td>0.000067</td>\n",
       "      <td>0.000063</td>\n",
       "      <td>0.000053</td>\n",
       "      <td>0.000142</td>\n",
       "      <td>0.000060</td>\n",
       "      <td>0.000047</td>\n",
       "      <td>0.000049</td>\n",
       "      <td>0.000039</td>\n",
       "      <td>0.000063</td>\n",
       "      <td>0.000051</td>\n",
       "      <td>0.000056</td>\n",
       "      <td>0.000050</td>\n",
       "      <td>0.000052</td>\n",
       "      <td>0.000046</td>\n",
       "      <td>0.000042</td>\n",
       "    </tr>\n",
       "    <tr>\n",
       "      <th>LRCX</th>\n",
       "      <td>0.000104</td>\n",
       "      <td>0.000083</td>\n",
       "      <td>0.000252</td>\n",
       "      <td>0.000084</td>\n",
       "      <td>0.000060</td>\n",
       "      <td>0.000377</td>\n",
       "      <td>0.000068</td>\n",
       "      <td>0.000071</td>\n",
       "      <td>0.000090</td>\n",
       "      <td>0.000315</td>\n",
       "      <td>0.000121</td>\n",
       "      <td>0.000085</td>\n",
       "      <td>0.000078</td>\n",
       "      <td>0.000126</td>\n",
       "      <td>0.000068</td>\n",
       "      <td>0.000053</td>\n",
       "    </tr>\n",
       "    <tr>\n",
       "      <th>XOM</th>\n",
       "      <td>0.000077</td>\n",
       "      <td>0.000051</td>\n",
       "      <td>0.000073</td>\n",
       "      <td>0.000042</td>\n",
       "      <td>0.000047</td>\n",
       "      <td>0.000068</td>\n",
       "      <td>0.000140</td>\n",
       "      <td>0.000045</td>\n",
       "      <td>0.000046</td>\n",
       "      <td>0.000104</td>\n",
       "      <td>0.000077</td>\n",
       "      <td>0.000050</td>\n",
       "      <td>0.000044</td>\n",
       "      <td>0.000085</td>\n",
       "      <td>0.000056</td>\n",
       "      <td>0.000034</td>\n",
       "    </tr>\n",
       "    <tr>\n",
       "      <th>PGR</th>\n",
       "      <td>0.000062</td>\n",
       "      <td>0.000112</td>\n",
       "      <td>0.000064</td>\n",
       "      <td>0.000058</td>\n",
       "      <td>0.000049</td>\n",
       "      <td>0.000071</td>\n",
       "      <td>0.000045</td>\n",
       "      <td>0.000130</td>\n",
       "      <td>0.000048</td>\n",
       "      <td>0.000079</td>\n",
       "      <td>0.000073</td>\n",
       "      <td>0.000060</td>\n",
       "      <td>0.000050</td>\n",
       "      <td>0.000058</td>\n",
       "      <td>0.000042</td>\n",
       "      <td>0.000032</td>\n",
       "    </tr>\n",
       "    <tr>\n",
       "      <th>BBY</th>\n",
       "      <td>0.000077</td>\n",
       "      <td>0.000108</td>\n",
       "      <td>0.000125</td>\n",
       "      <td>0.000082</td>\n",
       "      <td>0.000039</td>\n",
       "      <td>0.000090</td>\n",
       "      <td>0.000046</td>\n",
       "      <td>0.000048</td>\n",
       "      <td>0.000470</td>\n",
       "      <td>0.000113</td>\n",
       "      <td>0.000087</td>\n",
       "      <td>0.000109</td>\n",
       "      <td>0.000066</td>\n",
       "      <td>0.000079</td>\n",
       "      <td>0.000054</td>\n",
       "      <td>0.000056</td>\n",
       "    </tr>\n",
       "    <tr>\n",
       "      <th>MU</th>\n",
       "      <td>0.000148</td>\n",
       "      <td>0.000102</td>\n",
       "      <td>0.000323</td>\n",
       "      <td>0.000070</td>\n",
       "      <td>0.000063</td>\n",
       "      <td>0.000315</td>\n",
       "      <td>0.000104</td>\n",
       "      <td>0.000079</td>\n",
       "      <td>0.000113</td>\n",
       "      <td>0.000861</td>\n",
       "      <td>0.000130</td>\n",
       "      <td>0.000102</td>\n",
       "      <td>0.000089</td>\n",
       "      <td>0.000162</td>\n",
       "      <td>0.000095</td>\n",
       "      <td>0.000062</td>\n",
       "    </tr>\n",
       "    <tr>\n",
       "      <th>TROW</th>\n",
       "      <td>0.000096</td>\n",
       "      <td>0.000101</td>\n",
       "      <td>0.000126</td>\n",
       "      <td>0.000080</td>\n",
       "      <td>0.000051</td>\n",
       "      <td>0.000121</td>\n",
       "      <td>0.000077</td>\n",
       "      <td>0.000073</td>\n",
       "      <td>0.000087</td>\n",
       "      <td>0.000130</td>\n",
       "      <td>0.000179</td>\n",
       "      <td>0.000087</td>\n",
       "      <td>0.000062</td>\n",
       "      <td>0.000112</td>\n",
       "      <td>0.000083</td>\n",
       "      <td>0.000049</td>\n",
       "    </tr>\n",
       "    <tr>\n",
       "      <th>LOW</th>\n",
       "      <td>0.000087</td>\n",
       "      <td>0.000075</td>\n",
       "      <td>0.000096</td>\n",
       "      <td>0.000084</td>\n",
       "      <td>0.000056</td>\n",
       "      <td>0.000085</td>\n",
       "      <td>0.000050</td>\n",
       "      <td>0.000060</td>\n",
       "      <td>0.000109</td>\n",
       "      <td>0.000102</td>\n",
       "      <td>0.000087</td>\n",
       "      <td>0.000209</td>\n",
       "      <td>0.000069</td>\n",
       "      <td>0.000073</td>\n",
       "      <td>0.000069</td>\n",
       "      <td>0.000062</td>\n",
       "    </tr>\n",
       "    <tr>\n",
       "      <th>SBUX</th>\n",
       "      <td>0.000067</td>\n",
       "      <td>0.000090</td>\n",
       "      <td>0.000092</td>\n",
       "      <td>0.000078</td>\n",
       "      <td>0.000050</td>\n",
       "      <td>0.000078</td>\n",
       "      <td>0.000044</td>\n",
       "      <td>0.000050</td>\n",
       "      <td>0.000066</td>\n",
       "      <td>0.000089</td>\n",
       "      <td>0.000062</td>\n",
       "      <td>0.000069</td>\n",
       "      <td>0.000174</td>\n",
       "      <td>0.000056</td>\n",
       "      <td>0.000050</td>\n",
       "      <td>0.000026</td>\n",
       "    </tr>\n",
       "    <tr>\n",
       "      <th>CE</th>\n",
       "      <td>0.000095</td>\n",
       "      <td>0.000089</td>\n",
       "      <td>0.000133</td>\n",
       "      <td>0.000068</td>\n",
       "      <td>0.000052</td>\n",
       "      <td>0.000126</td>\n",
       "      <td>0.000085</td>\n",
       "      <td>0.000058</td>\n",
       "      <td>0.000079</td>\n",
       "      <td>0.000162</td>\n",
       "      <td>0.000112</td>\n",
       "      <td>0.000073</td>\n",
       "      <td>0.000056</td>\n",
       "      <td>0.000262</td>\n",
       "      <td>0.000071</td>\n",
       "      <td>0.000046</td>\n",
       "    </tr>\n",
       "    <tr>\n",
       "      <th>MCK</th>\n",
       "      <td>0.000076</td>\n",
       "      <td>0.000072</td>\n",
       "      <td>0.000083</td>\n",
       "      <td>0.000047</td>\n",
       "      <td>0.000046</td>\n",
       "      <td>0.000068</td>\n",
       "      <td>0.000056</td>\n",
       "      <td>0.000042</td>\n",
       "      <td>0.000054</td>\n",
       "      <td>0.000095</td>\n",
       "      <td>0.000083</td>\n",
       "      <td>0.000069</td>\n",
       "      <td>0.000050</td>\n",
       "      <td>0.000071</td>\n",
       "      <td>0.000334</td>\n",
       "      <td>0.000030</td>\n",
       "    </tr>\n",
       "    <tr>\n",
       "      <th>PK</th>\n",
       "      <td>0.000037</td>\n",
       "      <td>0.000052</td>\n",
       "      <td>0.000039</td>\n",
       "      <td>0.000050</td>\n",
       "      <td>0.000042</td>\n",
       "      <td>0.000053</td>\n",
       "      <td>0.000034</td>\n",
       "      <td>0.000032</td>\n",
       "      <td>0.000056</td>\n",
       "      <td>0.000062</td>\n",
       "      <td>0.000049</td>\n",
       "      <td>0.000062</td>\n",
       "      <td>0.000026</td>\n",
       "      <td>0.000046</td>\n",
       "      <td>0.000030</td>\n",
       "      <td>0.000182</td>\n",
       "    </tr>\n",
       "  </tbody>\n",
       "</table>\n",
       "</div>"
      ],
      "text/plain": [
       "           VLO       UVE      SWKS       NKE       DRE      LRCX       XOM  \\\n",
       "VLO   0.000326  0.000103  0.000134  0.000075  0.000052  0.000104  0.000077   \n",
       "UVE   0.000103  0.000826  0.000112  0.000075  0.000067  0.000083  0.000051   \n",
       "SWKS  0.000134  0.000112  0.000478  0.000095  0.000063  0.000252  0.000073   \n",
       "NKE   0.000075  0.000075  0.000095  0.000213  0.000053  0.000084  0.000042   \n",
       "DRE   0.000052  0.000067  0.000063  0.000053  0.000142  0.000060  0.000047   \n",
       "LRCX  0.000104  0.000083  0.000252  0.000084  0.000060  0.000377  0.000068   \n",
       "XOM   0.000077  0.000051  0.000073  0.000042  0.000047  0.000068  0.000140   \n",
       "PGR   0.000062  0.000112  0.000064  0.000058  0.000049  0.000071  0.000045   \n",
       "BBY   0.000077  0.000108  0.000125  0.000082  0.000039  0.000090  0.000046   \n",
       "MU    0.000148  0.000102  0.000323  0.000070  0.000063  0.000315  0.000104   \n",
       "TROW  0.000096  0.000101  0.000126  0.000080  0.000051  0.000121  0.000077   \n",
       "LOW   0.000087  0.000075  0.000096  0.000084  0.000056  0.000085  0.000050   \n",
       "SBUX  0.000067  0.000090  0.000092  0.000078  0.000050  0.000078  0.000044   \n",
       "CE    0.000095  0.000089  0.000133  0.000068  0.000052  0.000126  0.000085   \n",
       "MCK   0.000076  0.000072  0.000083  0.000047  0.000046  0.000068  0.000056   \n",
       "PK    0.000037  0.000052  0.000039  0.000050  0.000042  0.000053  0.000034   \n",
       "\n",
       "           PGR       BBY        MU      TROW       LOW      SBUX        CE  \\\n",
       "VLO   0.000062  0.000077  0.000148  0.000096  0.000087  0.000067  0.000095   \n",
       "UVE   0.000112  0.000108  0.000102  0.000101  0.000075  0.000090  0.000089   \n",
       "SWKS  0.000064  0.000125  0.000323  0.000126  0.000096  0.000092  0.000133   \n",
       "NKE   0.000058  0.000082  0.000070  0.000080  0.000084  0.000078  0.000068   \n",
       "DRE   0.000049  0.000039  0.000063  0.000051  0.000056  0.000050  0.000052   \n",
       "LRCX  0.000071  0.000090  0.000315  0.000121  0.000085  0.000078  0.000126   \n",
       "XOM   0.000045  0.000046  0.000104  0.000077  0.000050  0.000044  0.000085   \n",
       "PGR   0.000130  0.000048  0.000079  0.000073  0.000060  0.000050  0.000058   \n",
       "BBY   0.000048  0.000470  0.000113  0.000087  0.000109  0.000066  0.000079   \n",
       "MU    0.000079  0.000113  0.000861  0.000130  0.000102  0.000089  0.000162   \n",
       "TROW  0.000073  0.000087  0.000130  0.000179  0.000087  0.000062  0.000112   \n",
       "LOW   0.000060  0.000109  0.000102  0.000087  0.000209  0.000069  0.000073   \n",
       "SBUX  0.000050  0.000066  0.000089  0.000062  0.000069  0.000174  0.000056   \n",
       "CE    0.000058  0.000079  0.000162  0.000112  0.000073  0.000056  0.000262   \n",
       "MCK   0.000042  0.000054  0.000095  0.000083  0.000069  0.000050  0.000071   \n",
       "PK    0.000032  0.000056  0.000062  0.000049  0.000062  0.000026  0.000046   \n",
       "\n",
       "           MCK        PK  \n",
       "VLO   0.000076  0.000037  \n",
       "UVE   0.000072  0.000052  \n",
       "SWKS  0.000083  0.000039  \n",
       "NKE   0.000047  0.000050  \n",
       "DRE   0.000046  0.000042  \n",
       "LRCX  0.000068  0.000053  \n",
       "XOM   0.000056  0.000034  \n",
       "PGR   0.000042  0.000032  \n",
       "BBY   0.000054  0.000056  \n",
       "MU    0.000095  0.000062  \n",
       "TROW  0.000083  0.000049  \n",
       "LOW   0.000069  0.000062  \n",
       "SBUX  0.000050  0.000026  \n",
       "CE    0.000071  0.000046  \n",
       "MCK   0.000334  0.000030  \n",
       "PK    0.000030  0.000182  "
      ]
     },
     "execution_count": 12,
     "metadata": {},
     "output_type": "execute_result"
    }
   ],
   "source": [
    "cov_matrix = sec_returns.cov()\n",
    "cov_matrix"
   ]
  },
  {
   "cell_type": "code",
   "execution_count": 13,
   "metadata": {},
   "outputs": [
    {
     "data": {
      "text/html": [
       "<div>\n",
       "<style scoped>\n",
       "    .dataframe tbody tr th:only-of-type {\n",
       "        vertical-align: middle;\n",
       "    }\n",
       "\n",
       "    .dataframe tbody tr th {\n",
       "        vertical-align: top;\n",
       "    }\n",
       "\n",
       "    .dataframe thead th {\n",
       "        text-align: right;\n",
       "    }\n",
       "</style>\n",
       "<table border=\"1\" class=\"dataframe\">\n",
       "  <thead>\n",
       "    <tr style=\"text-align: right;\">\n",
       "      <th></th>\n",
       "      <th>VLO</th>\n",
       "      <th>UVE</th>\n",
       "      <th>SWKS</th>\n",
       "      <th>NKE</th>\n",
       "      <th>DRE</th>\n",
       "      <th>LRCX</th>\n",
       "      <th>XOM</th>\n",
       "      <th>PGR</th>\n",
       "      <th>BBY</th>\n",
       "      <th>MU</th>\n",
       "      <th>TROW</th>\n",
       "      <th>LOW</th>\n",
       "      <th>SBUX</th>\n",
       "      <th>CE</th>\n",
       "      <th>MCK</th>\n",
       "      <th>PK</th>\n",
       "    </tr>\n",
       "  </thead>\n",
       "  <tbody>\n",
       "    <tr>\n",
       "      <th>VLO</th>\n",
       "      <td>0.081536</td>\n",
       "      <td>0.025831</td>\n",
       "      <td>0.033485</td>\n",
       "      <td>0.018632</td>\n",
       "      <td>0.012906</td>\n",
       "      <td>0.025974</td>\n",
       "      <td>0.019337</td>\n",
       "      <td>0.015544</td>\n",
       "      <td>0.019267</td>\n",
       "      <td>0.037034</td>\n",
       "      <td>0.023909</td>\n",
       "      <td>0.021625</td>\n",
       "      <td>0.016751</td>\n",
       "      <td>0.023739</td>\n",
       "      <td>0.018931</td>\n",
       "      <td>0.009180</td>\n",
       "    </tr>\n",
       "    <tr>\n",
       "      <th>UVE</th>\n",
       "      <td>0.025831</td>\n",
       "      <td>0.206458</td>\n",
       "      <td>0.027979</td>\n",
       "      <td>0.018730</td>\n",
       "      <td>0.016743</td>\n",
       "      <td>0.020759</td>\n",
       "      <td>0.012846</td>\n",
       "      <td>0.028027</td>\n",
       "      <td>0.027029</td>\n",
       "      <td>0.025472</td>\n",
       "      <td>0.025292</td>\n",
       "      <td>0.018850</td>\n",
       "      <td>0.022596</td>\n",
       "      <td>0.022264</td>\n",
       "      <td>0.018040</td>\n",
       "      <td>0.012896</td>\n",
       "    </tr>\n",
       "    <tr>\n",
       "      <th>SWKS</th>\n",
       "      <td>0.033485</td>\n",
       "      <td>0.027979</td>\n",
       "      <td>0.119419</td>\n",
       "      <td>0.023788</td>\n",
       "      <td>0.015632</td>\n",
       "      <td>0.063034</td>\n",
       "      <td>0.018289</td>\n",
       "      <td>0.016032</td>\n",
       "      <td>0.031136</td>\n",
       "      <td>0.080810</td>\n",
       "      <td>0.031479</td>\n",
       "      <td>0.024091</td>\n",
       "      <td>0.022952</td>\n",
       "      <td>0.033188</td>\n",
       "      <td>0.020830</td>\n",
       "      <td>0.009652</td>\n",
       "    </tr>\n",
       "    <tr>\n",
       "      <th>NKE</th>\n",
       "      <td>0.018632</td>\n",
       "      <td>0.018730</td>\n",
       "      <td>0.023788</td>\n",
       "      <td>0.053227</td>\n",
       "      <td>0.013340</td>\n",
       "      <td>0.020958</td>\n",
       "      <td>0.010394</td>\n",
       "      <td>0.014526</td>\n",
       "      <td>0.020514</td>\n",
       "      <td>0.017479</td>\n",
       "      <td>0.020101</td>\n",
       "      <td>0.021026</td>\n",
       "      <td>0.019531</td>\n",
       "      <td>0.016893</td>\n",
       "      <td>0.011793</td>\n",
       "      <td>0.012377</td>\n",
       "    </tr>\n",
       "    <tr>\n",
       "      <th>DRE</th>\n",
       "      <td>0.012906</td>\n",
       "      <td>0.016743</td>\n",
       "      <td>0.015632</td>\n",
       "      <td>0.013340</td>\n",
       "      <td>0.035559</td>\n",
       "      <td>0.015034</td>\n",
       "      <td>0.011853</td>\n",
       "      <td>0.012223</td>\n",
       "      <td>0.009699</td>\n",
       "      <td>0.015843</td>\n",
       "      <td>0.012873</td>\n",
       "      <td>0.014120</td>\n",
       "      <td>0.012409</td>\n",
       "      <td>0.013017</td>\n",
       "      <td>0.011519</td>\n",
       "      <td>0.010605</td>\n",
       "    </tr>\n",
       "    <tr>\n",
       "      <th>LRCX</th>\n",
       "      <td>0.025974</td>\n",
       "      <td>0.020759</td>\n",
       "      <td>0.063034</td>\n",
       "      <td>0.020958</td>\n",
